[5.344 3.488 4.797] - [5. 4. 5.] = [ 0.344 -0.512 -0.203]  ,	  -0.12361646
[5.802 3.62  4.196] - [5. 4. 5.] = [ 0.802 -0.38  -0.804]  ,	  -0.12770636
[4.201 2.683 4.013] - [5. 4. 5.] = [-0.799 -1.317 -0.987]  ,	  -1.0344539
[4.299 2.989 3.764] - [5. 4. 5.] = [-0.701 -1.011 -1.236]  ,	  -0.9824268
[3.813 2.843 3.24 ] - [5. 4. 5.] = [-1.187 -1.157 -1.76 ]  ,	  -1.3677486
[4.036 2.614 4.319] - [4. 2. 5.] = [ 0.036  0.614 -0.681]  ,	  -0.010470231
[4.588 2.975 4.245] - [4. 2. 5.] = [ 0.588  0.975 -0.755]  ,	  0.2694107
[4.678 3.04  4.382] - [4. 2. 5.] = [ 0.678  1.04  -0.618]  ,	  0.3664813
[4.665 3.16  4.456] - [5. 4. 5.] = [-0.335 -0.84  -0.544]  ,	  -0.57309633
[4.563 3.14  4.598] - [5. 4. 4.] = [-0.437 -0.86   0.598]  ,	  -0.2328546
[4.818 2.612 4.475] - [5. 4. 5.] = [-0.182 -1.388 -0.525]  ,	  -0.6982579
[4.414 2.832 4.127] - [5. 4. 5.] = [-0.586 -1.168 -0.873]  ,	  -0.87556595
[4.862 3.24  4.294] - [5. 4. 5.] = [-0.138 -0.76  -0.706]  ,	  -0.5348825
[4.181 2.457 3.637] - [4. 2. 4.] = [ 0.181  0.457 -0.363]  ,	  0.09170103
[4.958 3.712 4.331] - [5. 4. 5.] = [-0.042 -0.288 -0.669]  ,	  -0.33268437
[4.487 3.032 4.301] - [3. 2. 4.] = [1.487 1.032 0.301]  ,	  0.93993384
[3.787 2.287 4.022] - [4. 2. 4.] = [-0.213  0.287  0.022]  ,	  0.03192536
[4.414 2.412 3.769] - [2. 2. 4.] = [ 2.414  0.412 -0.231]  ,	  0.8648631
[3.894 2.388 3.62 ] - [2. 2. 4.] = [ 1.894  0.388 -0.38 ]  ,	  0.6341427
[4.784 1.944 4.183] - [2. 2. 4.] = [ 2.784 -0.056  0.183]  ,	  0.9704543
[5.114 2.658 4.328] - [4. 2. 5.] = [ 1.114  0.658 -0.672]  ,	  0.36672702
[4.85  2.417 4.602] - [3. 2. 5.] = [ 1.85   0.417 -0.398]  ,	  0.62281054
[4.852 2.35  4.653] - [3. 2. 5.] = [ 1.852  0.35  -0.347]  ,	  0.6182992
[4.993 2.604 4.728] - [3. 2. 5.] = [ 1.993  0.604 -0.272]  ,	  0.7749408
[5.108 2.677 4.547] - [4. 2. 5.] = [ 1.108  0.677 -0.453]  ,	  0.4440472
[4.351 2.295 4.242] - [5. 4. 5.] = [-0.649 -1.705 -0.758]  ,	  -1.0372988
[5.561 3.353 4.411] - [5. 4. 5.] = [ 0.561 -0.647 -0.589]  ,	  -0.22531843
[5.038 2.612 4.516] - [5. 4. 5.] = [ 0.038 -1.388 -0.484]  ,	  -0.61109227
[3.678 2.301 4.041] - [4. 2. 5.] = [-0.322  0.301 -0.959]  ,	  -0.32680735
[4.392 3.054 4.506] - [4. 2. 5.] = [ 0.392  1.054 -0.494]  ,	  0.3170475
[4.245 3.442 4.204] - [5. 4. 5.] = [-0.755 -0.558 -0.796]  ,	  -0.702918
[4.871 2.889 4.193] - [3. 2. 5.] = [ 1.871  0.889 -0.807]  ,	  0.6512036
[4.723 3.348 5.122] - [4. 2. 5.] = [0.723 1.348 0.122]  ,	  0.73120713
[4.413 2.199 4.395] - [4. 2. 5.] = [ 0.413  0.199 -0.605]  ,	  0.0024108093
[4.767 2.072 4.375] - [3. 2. 5.] = [ 1.767  0.072 -0.625]  ,	  0.40481982
[4.371 2.649 4.752] - [4. 2. 5.] = [ 0.371  0.649 -0.248]  ,	  0.2573011
[3.514 2.431 3.982] - [4. 2. 5.] = [-0.486  0.431 -1.018]  ,	  -0.35783973
[3.441 2.223 3.101] - [4. 2. 5.] = [-0.559  0.223 -1.899]  ,	  -0.74487835
[4.082 3.148 4.059] - [4. 2. 5.] = [ 0.082  1.148 -0.941]  ,	  0.096404396
[3.622 2.212 3.588] - [4. 2. 5.] = [-0.378  0.212 -1.412]  ,	  -0.52639014
[4.107 3.352 3.927] - [4. 2. 5.] = [ 0.107  1.352 -1.073]  ,	  0.1286606
[4.721 3.157 3.718] - [5. 4. 5.] = [-0.279 -0.843 -1.282]  ,	  -0.8013067
[3.92  3.056 3.573] - [4. 4. 5.] = [-0.08  -0.944 -1.427]  ,	  -0.81708413
[3.891 2.723 3.744] - [4. 2. 5.] = [-0.109  0.723 -1.256]  ,	  -0.21388595
[3.608 2.854 3.652] - [5. 4. 5.] = [-1.392 -1.146 -1.348]  ,	  -1.2953321
[3.681 2.48  3.857] - [4. 4. 5.] = [-0.319 -1.52  -1.143]  ,	  -0.99394375
[4.085 2.796 3.945] - [4. 2. 5.] = [ 0.085  0.796 -1.055]  ,	  -0.0579737
[3.899 2.605 3.368] - [4. 2. 5.] = [-0.101  0.605 -1.632]  ,	  -0.37584472
[4.307 2.317 4.233] - [4. 2. 5.] = [ 0.307  0.317 -0.767]  ,	  -0.0476741
[4.459 3.259 4.174] - [5. 4. 5.] = [-0.541 -0.741 -0.826]  ,	  -0.70284826
[4.64  3.155 4.108] - [5. 4. 5.] = [-0.36  -0.845 -0.892]  ,	  -0.6987708
[5.053 3.297 3.83 ] - [5. 4. 5.] = [ 0.053 -0.703 -1.17 ]  ,	  -0.6068081
[4.715 2.919 4.339] - [5. 4. 5.] = [-0.285 -1.081 -0.661]  ,	  -0.6757265
[4.266 2.963 3.729] - [4. 2. 5.] = [ 0.266  0.963 -1.271]  ,	  -0.0141294
[3.972 2.632 4.396] - [4. 2. 5.] = [-0.028  0.632 -0.604]  ,	  -6.365776e-05
[4.195 2.576 4.054] - [5. 2. 5.] = [-0.805  0.576 -0.946]  ,	  -0.3914782
[4.344 2.96  3.737] - [5. 2. 5.] = [-0.656  0.96  -1.263]  ,	  -0.31996918
[4.385 2.69  3.968] - [5. 4. 5.] = [-0.615 -1.31  -1.032]  ,	  -0.98555976
[3.658 2.265 4.218] - [4. 2. 5.] = [-0.342  0.265 -0.782]  ,	  -0.2861744
[3.987 2.516 3.959] - [4. 2. 5.] = [-0.013  0.516 -1.041]  ,	  -0.17948866
[4.144 3.021 4.029] - [2. 4. 5.] = [ 2.144 -0.979 -0.971]  ,	  0.064454876
[3.764 1.715 3.535] - [4. 2. 5.] = [-0.236 -0.285 -1.465]  ,	  -0.6621376
MAE: 0.7476076483726501
CCC V: 0.16582748293876648
CCC A : 0.36646175384521484
CCC D : 0.08567746728658676
