[1.777 2.057 2.204] - [3. 1. 2.] = [-1.223  1.057  0.204]  ,	  0.012551864
[2.352 1.894 2.242] - [3. 1. 2.] = [-0.648  0.894  0.242]  ,	  0.16228835
[2.484 2.058 2.892] - [3. 1. 4.] = [-0.516  1.058 -1.108]  ,	  -0.18884142
[2.311 1.888 2.924] - [3. 1. 4.] = [-0.689  0.888 -1.076]  ,	  -0.29271325
[1.057 3.335 1.614] - [1. 2. 1.] = [0.057 1.335 0.614]  ,	  0.6688672
[2.146 2.974 3.087] - [1. 2. 1.] = [1.146 0.974 2.087]  ,	  1.4023544
[1.375 3.325 2.03 ] - [1. 2. 1.] = [0.375 1.325 1.03 ]  ,	  0.9102412
[1.728 2.675 2.658] - [1. 2. 1.] = [0.728 0.675 1.658]  ,	  1.0202764
[2.44  2.98  2.712] - [1. 2. 1.] = [1.44  0.98  1.712]  ,	  1.377433
[1.453 2.27  2.061] - [1. 2. 1.] = [0.453 0.27  1.061]  ,	  0.5945846
[2.916 2.452 3.446] - [1. 2. 1.] = [1.916 0.452 2.446]  ,	  1.6044488
[1.465 2.903 2.245] - [1. 2. 1.] = [0.465 0.903 1.245]  ,	  0.8709388
[1.253 2.829 1.923] - [1. 2. 1.] = [0.253 0.829 0.923]  ,	  0.6685459
[2.065 2.531 2.093] - [1. 2. 1.] = [1.065 0.531 1.093]  ,	  0.89615124
[1.958 2.522 2.497] - [1. 2. 1.] = [0.958 0.522 1.497]  ,	  0.9923534
[2.046 3.364 2.226] - [1. 2. 1.] = [1.046 1.364 1.226]  ,	  1.2119654
[3.321 2.651 3.078] - [1. 2. 1.] = [2.321 0.651 2.078]  ,	  1.6833075
[2.734 2.6   2.822] - [1. 2. 1.] = [1.734 0.6   1.822]  ,	  1.385243
[2.675 2.483 2.895] - [1. 2. 1.] = [1.675 0.483 1.895]  ,	  1.3507652
[2.227 2.928 2.386] - [1. 2. 1.] = [1.227 0.928 1.386]  ,	  1.1802042
[2.283 2.483 2.611] - [1. 2. 1.] = [1.283 0.483 1.611]  ,	  1.1257814
[2.86  2.423 2.678] - [2. 1. 2.] = [0.86  1.423 0.678]  ,	  0.98703814
[1.161 2.974 2.054] - [1. 2. 1.] = [0.161 0.974 1.054]  ,	  0.72977227
[1.877 2.202 2.464] - [1. 2. 1.] = [0.877 0.202 1.464]  ,	  0.84731865
[2.148 2.155 2.79 ] - [1. 2. 1.] = [1.148 0.155 1.79 ]  ,	  1.0311496
[2.479 2.21  2.947] - [2. 1. 2.] = [0.479 1.21  0.947]  ,	  0.87883115
[2.366 3.285 2.698] - [3. 1. 2.] = [-0.634  2.285  0.698]  ,	  0.78287417
[3.123 2.326 3.432] - [1. 2. 1.] = [2.123 0.326 2.432]  ,	  1.627092
[3.132 2.045 3.509] - [1. 2. 2.] = [2.132 0.045 1.509]  ,	  1.2286103
[2.199 2.662 2.788] - [2. 1. 2.] = [0.199 1.662 0.788]  ,	  0.88314414
[2.174 2.422 2.511] - [2. 1. 2.] = [0.174 1.422 0.511]  ,	  0.7022694
[2.726 1.964 2.437] - [2. 1. 2.] = [0.726 0.964 0.437]  ,	  0.7088855
[2.432 3.022 3.344] - [2. 1. 2.] = [0.432 2.022 1.344]  ,	  1.2661284
[1.805 2.463 2.287] - [3. 1. 2.] = [-1.195  1.463  0.287]  ,	  0.18514998
[2.487 1.99  2.675] - [3. 1. 2.] = [-0.513  0.99   0.675]  ,	  0.3839414
[2.707 1.952 2.777] - [3. 1. 2.] = [-0.293  0.952  0.777]  ,	  0.4788684
[2.69  1.967 3.156] - [3. 1. 4.] = [-0.31   0.967 -0.844]  ,	  -0.06229973
[3.104 2.189 3.222] - [3. 1. 4.] = [ 0.104  1.189 -0.778]  ,	  0.17164962
[3.285 2.101 3.487] - [3. 2. 4.] = [ 0.285  0.101 -0.513]  ,	  -0.0424517
[2.447 2.421 2.787] - [3. 1. 4.] = [-0.553  1.421 -1.213]  ,	  -0.11519265
[2.99  1.88  3.073] - [3. 1. 4.] = [-0.01   0.88  -0.927]  ,	  -0.01900649
[2.289 1.99  2.732] - [3. 1. 4.] = [-0.711  0.99  -1.268]  ,	  -0.3295269
[3.    2.411 3.195] - [2. 1. 2.] = [1.    1.411 1.195]  ,	  1.2018527
[1.326 3.285 2.038] - [1. 2. 1.] = [0.326 1.285 1.038]  ,	  0.8830827
[1.981 3.352 2.297] - [1. 2. 1.] = [0.981 1.352 1.297]  ,	  1.2098981
[2.282 2.214 2.618] - [1. 2. 1.] = [1.282 0.214 1.618]  ,	  1.038103
[3.289 2.562 2.74 ] - [2. 1. 2.] = [1.289 1.562 0.74 ]  ,	  1.197254
[2.434 1.994 2.444] - [1. 2. 1.] = [ 1.434 -0.006  1.444]  ,	  0.9571581
[2.626 2.165 2.524] - [1. 2. 1.] = [1.626 0.165 1.524]  ,	  1.1049043
[2.536 2.223 2.414] - [1. 2. 1.] = [1.536 0.223 1.414]  ,	  1.0577956
[2.556 1.935 2.937] - [2. 1. 2.] = [0.556 0.935 0.937]  ,	  0.8091374
[3.15  2.354 3.068] - [2. 1. 2.] = [1.15  1.354 1.068]  ,	  1.1902303
[2.483 1.859 2.582] - [2. 1. 2.] = [0.483 0.859 0.582]  ,	  0.64152926
[1.526 2.578 1.941] - [2. 1. 2.] = [-0.474  1.578 -0.059]  ,	  0.34849203
[2.274 1.711 2.422] - [3. 1. 3.] = [-0.726  0.711 -0.578]  ,	  -0.19769955
[2.792 2.203 2.93 ] - [3. 1. 3.] = [-0.208  1.203 -0.07 ]  ,	  0.30820426
[2.208 2.804 2.148] - [2. 1. 2.] = [0.208 1.804 0.148]  ,	  0.71989185
[1.969 1.983 2.412] - [2. 1. 2.] = [-0.031  0.983  0.412]  ,	  0.45479026
[2.224 2.289 2.788] - [2. 1. 2.] = [0.224 1.289 0.788]  ,	  0.7669456
[2.749 2.066 2.447] - [2. 1. 2.] = [0.749 1.066 0.447]  ,	  0.75387865
[3.218 2.178 3.338] - [2. 1. 2.] = [1.218 1.178 1.338]  ,	  1.2448392
[3.048 2.171 2.886] - [2. 1. 1.] = [1.048 1.171 1.886]  ,	  1.368219
MAE: 0.9591953754425049
CCC V: 0.1570296734571457
CCC A : 0.10855158418416977
CCC D : 0.1783151626586914
